   1796.0000000000000        4208.0000000000000        2384.0000000000000        4.2049963485694036E-002   0.0000000000000000       0.23260392175059566     
   1806.0000000000000        4414.0000000000000        2549.0000000000000        3.3093657447226532E-002   0.0000000000000000       0.18306114605580012     
   1816.0000000000000        4463.0000000000000        2568.0000000000000        3.4772603322321023E-002   0.0000000000000000       0.19234841678284434     
   1826.0000000000000        3653.0000000000000        2166.0000000000000        2.1004002243354639E-002   0.0000000000000000       0.11618591050441100     
   1838.0000000000000        3465.0000000000000        2078.0000000000000        1.5901927023509788E-002   0.0000000000000000        8.7963229511924590E-002
   1848.0000000000000        3370.0000000000000        2034.0000000000000        1.3053662522063848E-002   0.0000000000000000        7.2207746312879059E-002
   1917.3570732570788        3300.0715313199157        1971.0739345037821        1.7718242027443692E-002   0.0000000000000000        9.8010372434966825E-002
   1926.0355221688289        3341.2832803282145        1968.8344457959151        2.3834361271761046E-002   0.0000000000000000       0.13184234764242461     
   1945.1667909119187        3031.5459524182406        1798.3583846401887        2.0792600989664893E-002   0.0000000000000000       0.11501652160142287     
   1963.3749956541792        3158.9629086519753        1862.4652465632237        2.3575148821909125E-002   0.0000000000000000       0.13040848593591803     
   1986.2985139107639        3220.2109658470767        1928.6038588700296        1.6502444606655925E-002   0.0000000000000000        9.1285057483725396E-002
   2017.0369903588598        3204.4920469346039        1992.7270036474124        0.0000000000000000        0.0000000000000000        0.0000000000000000     
   2046.6915915649743        3326.8365012078116        2029.9794017520796        8.2378167922853695E-003   0.0000000000000000        4.5568374707397510E-002
   2062.9259945748095        3241.8023623571416        1938.2575120367298        1.7258629935464141E-002   0.0000000000000000        9.5467978429920636E-002
   2128.0000000000000        3169.8601997704723        1931.0397345682250        8.9550288435821090E-003   0.0000000000000000        4.9535710753127203E-002
   2144.0000000000000        3162.0000000000000        1902.0000000000000        1.4560631043285749E-002   0.0000000000000000        8.0543705703430349E-002
   2160.0000000000000        3434.0000000000000        2016.0000000000000        2.5517906505004698E-002   0.0000000000000000       0.14115506021660371     
   2184.0000000000000        3089.0000000000000        1810.0000000000000        2.6390155852867764E-002   0.0000000000000000       0.14598000183935622     
   2194.0000000000000        3264.0000000000000        1956.0000000000000        1.6234813430122577E-002   0.0000000000000000        8.9804626679889824E-002
   2206.0000000000000        4115.0000000000000        2405.0000000000000        2.7565595944316575E-002   0.0000000000000000       0.15248207585772941     
   3300.0000000000000        4115.0000000000000        2405.0000000000000        2.7565595944316575E-002   0.0000000000000000       0.15248207585772941     
